@author Расписание работы маршрутов, обеспечивающих перевозку садоводов, огородников, дачников и членов их семей до садовых, огородных и дачных земельных участков и обратно с 30.04.2016
@title На дачу
@date № 18 от 05 мая 2016  г.
@url http://www.vecherniyorenburg.ru/182846/na-dachu/
Перевозчик – МКП «ОПП», телефон диспетчерской 48-32-86
Маршрут №142 «Челюскинцев – Кузнечная – Ивановские сады»Челюскинцев8.00 9.55 13.00 14.53 17.40 19.38Конечная (сады)8.56 10.51 13.56 15.49 18.36 20.31
Маршрут №172 «Челюскинцев – с/о «Мечта» Челюскинцев 7.55 9.25 11.59 13.29 15.09 17.45 19.13Конечная (сады)8.37 10.07 12.40 14.10 15.50 18.25 19.52
Маршрут №173 «Челюскинцев – Протопоповская роща» Челюскинцев 7.30 8.05 8.40 9.15 9.50 10.35 12.10 13.20 14.20 15.30 17.15 17.50 18.26 19.02 19.38 20.12Конечная (сады)8.05 8.40 9.15 9.50 10.25 11.10 12.45 13.55 14.55 16.05 17.50 18.25 19.01 19.35 20.09 20.43
Маршрут №174 «Челюскинцев – Ипподром»
Рабочие дниЧелюскинцев7.45 9.22 10.40 11.57 15.17 17.25 18.45 20.03Конечная (сады) 8.21 10.00 11.18 12.35 15.55 18.03 19.21 20.39
Выходные дниЧелюскинцев7.48 8.27 9.05 9.44 10.22 11.01 11.39 13.05 14.22 15.00 16.19 17.45 18.24 19.03 19.41 20.20Конечная (сады)8.26 9.05 9.43 10.22 11.00 11.39 12.17 13.43 15.00 15.38 16.56 18.21 18.59 19.37 20.14 20.53
Маршрут №178 «Клиффорд – с/т «Х. Степановский»
Рабочие дниКлиффорд8.10 10.10 12.50 14.55 17.35 19.40Конечная (сады) 9.11 11.11 13.51 15.56 18.36 20.36Выходные дниКлиффорд8.10 9.12 10.12 11.55 13.00 14.00 15.00 17.20 18.20 19.22Конечная (сады)9.11 10.13 11.13 12.56 13.58 14.58 15.58 18.17 19.17 20.19
Маршрут №180 «Клиффорд – с/т «Татарская Каргала»
Рабочие дниКлиффорд7.30 8.00 8.25 8.50 9.15 9.40 10.05 10.30 10.55 11.35 12.25 13.15 14.05 14.55 15.45 16.55 17.35 18.05 18.30 18.55 19.20 19.45Конечная (сады)8.33 9.03 9.28 9.53 10.18 10.43 11.08 11.33 11.58 12.38 13.28 14.18 15.08 15.58 16.48 17.58 18.38 19.08 19.33 19.58 20.20 20.45
Выходные дниКлиффорд7.30 7.55 8.15 8.35 8.53 9.11 9.29 9.47 10.06 10.25 10.44 11.05 11.31 11.57 12.24 12.51 13.20 13.55 14.35 15.15 15.55 16.25 16.50 17.15 17.35 17.55 18.15 18.33 18.52 19.09 19.27 19.47Конечная (сады)8.32 8.57 9.17 9.37 9.55 10.13 10.31 10.49 11.08 11.27 11.46 12.07 12.33 12.59 13.26 13.53 14.22 14.57 15.35 16.15 16.54 17.24 17.48 18.12 18.32 18.52 19.12 19.30 19.48 20.06 20.24 20.44
Маршрут №181 «8 Марта – Нежинские сады» Рабочие дни8 Марта7.50 8.11 8.32 8.53 9.14 9.35 9.56 10.17 10.38 11.06 11.41 12.16 12.52 13.29 14.04 14.40 15.16 15.52 16.28 17.04 17.31 17.58 18.25 18.52 19.13 19.34 19.55Конечная (сады)8.43 9.04 9.25 9.46 10.07 10.28 10.49 11.10 11.30 11.59 12.34 13.09 13.45 14.21 14.57 15.33 16.09 16.45 17.21 17.57 18.24 18.51 19.18 19.42 20.03 20.24 20.45
Выходные дни8 Марта7.50 8.10 8.30 8.50 9.10 9.30 9.50 10.10 10.30 10.55 11.15 11.35 11.55 12.15 12.35 13.05 13.40 14.20 15.00 15.40 16.05 16.30 16.50 17.10 17.30 17.50 18.08 18.25 18.42 18.59 19.16 19.33 19.53Конечная (сады)8.42 9.02 9.22 9.42 10.02 10.22 10.42 11.02 11.22 11.47 12.07 12.27 12.47 13.07 13.27 13.56 14.31 15.10 15.49 16.29 16.54 17.19 17.39 17.59 18.18 18.37 18.55 19.12 19.29 19.46 20.03 20.20 20.40
Маршрут №182 «8 Марта – с/о «А/п Центральный» Рабочие дни8 Марта7.55 8.15 8.35 8.53 9.11 9.29 9.47 10.04 10.20 10.37 10.54 11.16 11.39 12.02 12.28 12.55 13.23 13.50 14.21 14.52 15.23 15.47 16.11 16.35 16.58 17.20 17.40 18.00 18.20 18.40 19.00 19.23 19.46Конечная (сады)8.50 9.12 9.33 9.51 10.09 10.27 10.45 11.02 11.18 11.35 11.52 12.14 12.37 13.00 13.26 13.53 14.21 14.48 15.19 15.50 16.21 16.45 17.09 17.33 17.56 18.18 18.38 18.58 19.18 19.38 19.57 20.18 20.40
Выходные дни8 Марта7.25 7.50 8.10 8.26 8.42 8.58 9.14 9.30 9.46 10.02 10.18 10.34 10.50 11.08 11.29 11.50 12.10 12.30 12.50 13.20 13.50 14.20 14.50 15.12 15.32 15.52 16.12 16.32 16.52 17.10 17.28 17.46 18.03 18.20 18.36 18.52 19.08 19.24 19.40 19.56Конечная (сады)8.22 8.47 9.07 9.23 9.39 9.55 10.11 10.27 10.43 10.59 11.15 11.31 11.47 12.05 12.26 12.47 13.07 13.27 13.46 14.15 14.45 15.14 15.44 16.06 16.26 16.46 17.06 17.26 17.46 18.04 18.22 18.39 18.55 19.12 19.28 19.44 20.00 20.16 20.31 20.47
Маршрут №183 «Клиффорд – с/о «Россия» Клиффорд7.50 8.37 9.24 10.11 11.15 12.20 13.55 14.45 16.20 17.40 18.30 19.20 20.10Конечная (сады)8.36 9.23 10.10 10.57 12.01 13.06 14.41 15.31 17.06 18.26 19.16 20.05 20.52
Маршрут №184 «Клиффорд – Нежинские сады» Клиффорд7.55 9.35 12.00 13.43 17.30 19.15Конечная (сады)8.45 10.25 12.50 14.33 18.20 20.05
Маршрут №187 «Челюскинцев – 24-й микрорайон – Ивановские сады»Челюскинцев7.30 7.58 8.25 8.47 9.05 9.22 9.40 9.58 10.16 10.35 10.57 11.20 11.45 12.15 12.55 13.40 14.23 15.03 15.53 16.35 17.08 17.36 17.56 18.16 18.36 18.54 19.15 19.35 19.54 20.11Конечная (сады)8.13 8.40 9.08 9.30 9.48 10.05 10.23 10.41 10.59 11.18 11.40 12.03 12.28 12.58 13.38 14.22 15.05 15.50 16.35 17.15 17.50 18.18 18.38 18.58 19.17 19.36 19.55 20.14 20.32 20.49
Маршрут №188 «Челюскинцев – с/т «Геолог» Челюскинцев7.25 8.05 8.45 9.20 10.00 10.50 11.40 12.50 14.15 15.40 17.00 18.00 18.45 19.25 20.00Конечная (сады)8.16 8.56 9.36 10.11 10.51 11.41 12.31 13.40 15.05 16.30 17.50 18.45 19.30 20.10 20.45
Маршрут №91 «Клиффорд – с/о «Ростоши-1»
Рабочие дниКлиффорд8.05 9.17 10.30 11.42 14.25 15.41 17.37 18.53 20.09Конечная (сады)8.41 9.53 11.06 12.18 15.01 16.17 18.13 19.29 20.44
Выходные дниКлиффорд7.36 8.12 8.48 9.24 10.00 10.40 11.20 12.30 13.43 14.52 16.05 17.05 18.00 18.37 19.15 19.52Конечная (сады)8.12 8.48 9.24 10.00 10.36 11.16 11.56 13.06 14.19 15.18 16.41 17.41 18.36 19.13 19.51 20.27
Маршрут №192 «Челюскинцев – с/о «Дубовая роща»
Рабочие дниЧелюскинцев8.00 8.42 9.22 10.04 10.45 11.27 12.50 14.15 14.58 16.23 17.37 18.30 19.13 19.56Конечная (сады)8.41 9.23 10.03 10.45 11.26 12.08 13.31 14.56 15.39 17.04 18.18 19.09 19.51 20.33
Выходные дниЧелюскинцев7.50 8.31 8.59 9.27 9.56 10.27 11.00 11.50 12.32 13.15 13.58 14.39 16.05 16.59 17.37 18.14 18.41 19.10 19.37 20.04Конечная (сады)8.29 9.10 9.40 10.08 10.37 11.08 11.41 12.31 13.13 13.56 14.39 15.20 16.46 17.40 18.15 18.52 19.19 19.48 20.15 20.42
Маршрут №193 «РТИ – с/о «Геолог» РТИ7.50 9.10 10.40 14.35 15.55 18.00 19.20Конечная (сады)8.31 9.51 11.21 15.16 16.36 18.41 20.05
Маршрут №195 «Челюскинцев – с/о «Успех»
Рабочие дни Челюскинцев7.40 9.01 10.22 12.40 14.05 17.40 19.05 Конечная (сады)8.11 9.32 10.53 13.11 14.36 18.12 19.36
Выходные дниЧелюскинцев7.20 8.05 8.45 9.30 10.10 10.55 12.15 13.40 14.40 16.10 17.30 18.15 19.00 19.40Конечная (сады)7.52 8.37 9.17 10.02 10.42 11.27 12.47 14.12 15.12 16.42 18.00 18.45 19.30 20.10
Маршрут №196 «Клиффорд – с/о «Геолог» Клиффорд7.25 8.20 9.11 10.06 11.40 13.30 14.30 16.20 17.40 18.50 19.40Конечная (сады)8.14 9.09 10.01 10.56 12.30 14.20 15.20 17.08 18.28 19.38 20.28
Маршрут №166 «Клиффорд – с/о «Стрела» Клиффорд7.30 8.10 9.10 9.59 11.39 12.27 14.10 15.00 16.40 17.40 18.25 19.25 20.10Конечная (сады)8.16 8.56 9.56 10.45 12.25 13.13 14.56 15.46 17.26 18.26 19.11 20.10 20.52
Маршрут №296 «Клиффорд – с/о «Русь»
Рабочие дниКлиффорд7.50 9.50 12.40 14.40 17.32 19.37Конечная (сады)8.45 10.45 13.35 15.35 18.27 20.30
Выходные дниКлиффорд7.50 8.45 9.40 10.40 12.10 14.10 15.10 17.30 18.30 19.35Конечная (сады)8.45 9.40 10.35 11.35 13.05 15.05 16.05 18.25 19.25 20.30
Маршрут №197 «Клиффорд – Ивановские сады»Клиффорд7.30 8.05 9.15 9.50 11.00 12.20 14.05 15.00 17.30 18.25 19.20Конечная (сады)8.23 8.58 10.08 10.43 11.53 13.13 15.00 15.50 18.20 19.15 20.15
Маршрут №98 «Челюскинцев – с/о «Ростоши-1» Челюскинцев8.01 8.47 9.34 10.20 11.25 12.40 14.13 15.38 17.00 17.45 18.31 19.16 20.02Конечная (сады)8.46 9.32 10.19 11.05 12.10 13.25 14.57 16.20 17.42 18.26 19.12 19.57 20.43
Маршрут №99 «Челюскинцев – с/о «Ростоши-2» Челюскинцев7.30 8.00 8.28 9.03 9.40 9.57 10.15 10.33 11.21 11.44 12.07 13.05 13.35 14.02 14.40 15.05 15.32 16.11 16.34 17.00 17.40 18.12 18.45 19.07 19.28 19.50Конечная (сады)8.13 8.43 9.11 9.46 10.23 10.40 10.58 11.16 12.04 12.27 12.50 13.48 14.17 14.45 15.22 15.47 16.15 16.54 17.15 17.43 18.22 18.55 19.28 19.50 20.11 20.33
Маршрут №100 «Клиффорд – с/о «Ростоши-2 » Клиффорд7.30 7.52 8.14 8.47 9.00 9.28 9.56 10.09 10.37 11.05 11.18 12.25 13.15 13.43 14.12 14.41 15.40 17.09 17.20 18.18 18.33 18.48 19.28 19.42 19.56 20.36Конечная (сады)8.03 8.25 8.47 9.20 9.33 10.01 10.29 10.42 11.10 11.38 11.51 12.58 13.48 14.14 14.44 15.12 16.12 17.40 17.53 18.48 19.03 19.18 19.58 20.12 20.26 21.06
Маршрут №24с «Челюскинцев – г. Сулак (сады)»
Рабочие дниЧелюскинцев6.10 6.35 7.00 7.32 8.00 8.30 8.57 9.24 10.01 10.49 12.14 13.07 13.45 14.09 14.38 15.16 17.02 18.01 18.37 19.06 19.32 19.59Конечная (сады)6.50 7.15 7.40 8.12 8.40 9.10 9.37 10.04 10.41 11.29 12.54 13.47 14.25 14.49 15.18 15.56 17.42 18.41 19.16 19.45 20.08 20.38
Выходные дниЧелюскинцев7.00 7.25 7.53 8.21 8.49 9.17 9.45 10.13 10.41 11.37 12.33 13.16 14.00 14.42 15.23 16.48 17.17 18.05 18.41 19.08 19.36Конечная (сады)7.38 8.05 8.32 9.00 9.28 9.56 10.25 10.53 11.21 12.17 13.13 13.56 14.40 15.22 16.03 17.28 17.56 18.45 19.20 19.48 20.13
Маршрут №70 «8 Марта – ст-н Динамо – с/о «Дружба»
Рабочие дни8 Марта7.44 8.17 8.50 9.13 9.36 9.58 10.20 10.44 11.06 11.29 12.02 12.37 13.04 14.14 14.39 15.14 15.49 16.24 17.14 17.44 18.14 18.39 19.04 19.29 19.54Конечная (сады)8.23 8.56 9.29 9.52 10.15 10.37 10.59 11.23 11.45 12.08 12.41 13.16 13.43 14.53 15.18 15.53 16.28 17.03 17.53 18.23 18.53 19.18 19.43 20.07 20.30
Выходные дни8 Марта7.44 8.14 8.56 9.20 9.41 10.29 10.49 11.19 11.59 12.34 13.14 13.49 14.24 14.59 15.34 16.09 16.44 17.19 17.54 18.32 19.02 19.22 19.44 20.08 20.28Конечная (сады)8.23 8.53 9.35 9.59 10.20 11.07 11.28 11.58 12.38 13.13 13.53 14.28 15.03 15.38 16.13 16.47 17.21 17.56 18.30 19.07 19.36 19.56 20.18 20.41 21.01
Маршрут №71 «8 Марта – ст-н Динамо – с/о «Осинки» 8 Марта7.30 7.59 8.25 8.37 9.04 9.30 9.48 10.10 10.36 10.55 11.45 12.23 12.59 13.34 14.29 15.36 16.12 16.45 17.23 17.47 18.01 18.34 18.56 19.15 19.44 20.07Конечная (сады)8.09 8.38 9.04 9.16 9.43 10.09 10.27 10.49 11.15 11.34 12.24 13.02 13.38 14.13 15.08 16.15 16.51 17.24 18.02 18.26 18.39 19.11 19.35 19.53 20.21 20.45
Маршрут №76 «А/ст Челюскинцев – с/о «Остров Мира-1» А/ст Челюскинцев7.38 8.53 10.09 12.10 13.26 17.00 18.16 19.32Конечная (сады)8.15 9.30 10.46 12.47 14.03 17.37 18.53 20.09
Маршрут №77 «А/ст Челюскинцев – с/о «Остров Мира-2»
Рабочие дниА/ст Челюскинцев8.14 9.31 11.00 14.10 15.28 17.38 18.56 20.14Конечная (сады)8.52 10.09 11.38 14.48 16.06 18.16 19.33 20.49
Маршрут №86 «Челюскинцев – с/т «Буровик» Челюскинцев8.30 10.10 13.10 16.28 18.11Конечная (сады)9.12 10.52 13.52 17.10 18.53
Маршрут №90 «А/ст Челюскинцев – пос. Заречный»
Рабочие дниЧелюскинцев7.24 8.22 9.33 10.45 13.20 14.31 16.14 17.25 18.40Конечная (сады)7.50 8.58 10.08 11.18 13.56 15.07 16.50 18.05 19.14
Выходные дниЧелюскинцев8.43 9.57 12.05 13.19 14.35 16.50 18.03 19.15Конечная (сады)9.19 10.33 12.41 13.55 15.09 17.26 18.37 19.49
Маршрут №94 «Челюскинцев – с/о «Овощевод» Челюскинцев7.35 8.42 9.50 10.57 14.06 15.15 17.26 18.35 19.44Конечная (сады)8.07 9.14 10.22 11.29 14.38 15.47 17.58 19.07 20.16
Маршрут №64 «А/ст Челюскинцев – АТБ УРСа» А/ст Челюскинцев8.10 9.52 11.53 13.39 17.25 18.50Конечная (сады)8.50 10.32 12.33 14.19 18.05 19.30

Перевозчик – ИП Мысик Л.П., телефон диспетчерской 97-39-45
Маршрут №199 «Челюскинцев – с/о «Ростоши-3» Рабочие дни Челюскинцев8.17 9.55 12.10 13.51 15.32 17.38 19.19Конечная (сады)9.06 10.44 12.59 14.40 16.21 18.27 20.07
Выходные дниЧелюскинцев8.29 9.18 10.07 11.43 12.32 13.24 14.13 15.57 16.46 17.42 18.31 19.39Конечная (сады)9.18 10.07 10.56 12.32 13.21 14.13 15.02 16.46 17.35 18.30 19.19 20.25
Маршрут №110 «Клиффорд – с/о «Ростоши-3»
Рабочие дниКлиффорд8.08 9.24 10.41 12.00 14.20 15.41 17.35 18.56 20.17Конечная (сады)8.47 10.03 11.20 12.39 14.59 16.20 18.14 19.35 20.53
Выходные дниКлиффорд8.00 8.39 9.19 9.56 10.42 11.15 12.01 13.31 14.32 15.03 15.54 17.29 18.06 18.50 19.27 20.15Конечная (сады)8.39 9.18 9.58 10.35 11.21 11.54 12.40 14.10 15.11 15.42 16.33 18.08 18.45 19.26 20.03 20.49
Маршрут №167 «Клиффорд – с/о «Ивушка» Клиффорд8.00 9.50 12.30 14.30 17.30 19.35Конечная (сады)8.55 10.45 13.25 15.25 18.25 20.30
Маршрут №297 «РТИ – с/о «Русь»
Рабочие дниРТИ8.00 10.13 13.21 17.01 19.16Конечная (сады)8.58 11.11 14.19 17.59 20.09
Выходные дниРТИ8.00 9.05 10.10 11.30 13.00 14.20 16.35 17.45 18.55Конечная (сады)9.01 10.06 11.11 12.31 14.01 15.21 17.36 18.46 19.56
Маршрут №185 «Клиффорд – с/о «А/п Центральный» Рабочие дниКлиффорд8.00 9.54 12.30 14.30 17.33 19.33Конечная (сады)8.58 10.52 13.28 15.28 18.31 20.26
Выходные дниКлиффорд7.20 8.20 9.15 10.15 11.55 13.00 15.00 17.40 18.35 19.33Конечная (сады)8.17 9.18 10.12 11.12 12.53 13.58 15.55 18.33 19.28 20.26


Перевозчик – ООО «Первый автобусный парк», телефон диспетчерской 25-80-78
Маршрут №165 «А/ст Челюскинцев – с/т «Газовик»А/ст Челюскинцев8.10 10.00 14.20 17.10Конечная (сады)9.00 10.50 15.10 18.00
Маршрут №79 «Челюскинцев – с/о гелиевого завода» Челюскинцев8.15 9.05 10.00 10.50 13.18 14.20 15.03 16.40 18.20 19.20 20.00Конечная (сады)9.08 9.58 10.53 11.43 14.11 15.13 15.53 17.28 19.08 20.08 20.48
Маршрут №175 «Челюскинцев – с/о «Южный Урал» Рабочие дниЧелюскинцев8.10 9.25 10.40 12.50 14.05 17.30 18.45 20.00Конечная (сады)8.47 10.02 11.17 13.27 14.42 18.07 19.22 20.35
Выходные дниЧелюскинцев8.00 8.35 9.15 9.50 10.28 11.20 13.05 14.20 15.06 16.21 18.19 18.58 19.31 20.10Конечная (сады)8.37 9.12 9.52 10.27 11.05 11.57 13.42 14.57 15.43 16.57 18.53 19.32 20.05 20.44
Маршрут №179 «14-й микрорайон – с/о гелиевого завода» 14-й микрорайон8.40 9.30 10.23 12.45 14.30 16.10 17.55 18.45 19.35Конечная (сады)9.33 10.23 11.15 13.38 15.20 16.58 18.43 19.33 20.23
Маршрут №189 «Челюскинцев – с/о «Лесовод»Челюскинцев7.55 9.12 10.29 11.46 15.00 17.10 18.30 19.50Конечная (сады)8.32 9.49 11.06 12.23 15.37 17.47 19.07 20.25