@author Расписание работы маршрутов, обеспечивающих проезд садоводов, огородников, дачников и членов их семей до садовых, огородных и дачных земельных участков и обратно по муниципальному образованию «город Оренбург» с 31.05.2016
@title На дачу
@date № 22 от 02 июня 2016  г.
@url http://www.vecherniyorenburg.ru/222912/na-dachu/
Перевозчик - МКП «ОПП», телефон диспетчерской 48-32-86
Маршрут №142 «Челюскинцев - Кузнечная - Ивановские сады»Все дни недели, кроме понедельника и четвергаЧелюскинцев 8.00 9.55 13.00 14.53 18.05 20.17 Конечная (сады) 8.56 10.51 13.56 15.49 19.01 21.10
Маршрут №172 «Челюскинцев - с/о «Мечта» Рабочие дниЧелюскинцев 8.30 10.00 12.30 14.00 15.30 17.45 19.13 20.40 Конечная (сады) 9.12 10.42 13.11 14.41 16.11 18.25 19.52 21.17 Выходные дниЧелюскинцев 8.00 9.30 12.00 13.30 15.00 17.00 18.30 20.00 Конечная (сады) 8.41 10.12 12.41 14.11 15.40 17.40 19.10 20.40
Маршрут №173 «Челюскинцев - Протопоповская роща» Все дни недели, кроме понедельника и четвергаЧелюскинцев 7.30 8.05 8.40 9.15 9.50 10.35 12.10 13.20 14.20 15.30 17.15 17.50 18.26 19.02 19.38 20.12 20.46 21.20 Конечная (сады) 8.05 8.40 9.15 9.50 10.25 11.10 12.45 13.55 14.55 16.05 17.50 18.25 19.01 19.35 20.09 20.43 21.16 21.50
Маршрут №174 «Челюскинцев - Ипподром» Рабочие дниЧелюскинцев 7.45 9.22 10.40 11.57 15.17 17.25 18.45 20.03 21.21 Конечная (сады) 8.21 10.00 11.18 12.35 15.55 18.03 19.21 20.39 21.55 Выходные дниЧелюскинцев 7.10 7.48 8.27 9.05 9.44 10.22 11.01 11.39 13.05 14.22 15.00 16.19 17.45 18.24 19.03 19.41 20.20 20.57 Конечная (сады) 7.48 8.26 9.05 9.43 10.22 11.00 11.39 12.17 13.43 15.00 15.38 16.56 18.21 18.59 19.37 20.14 20.53 21.30
Маршрут №178 «Клиффорд - с/т «х. Степановский»Рабочие дниКлиффорд 8.10 10.10 13.05 15.10 18.10 20.15 Конечная (сады) 9.11 11.11 14.06 16.11 19.11 21.11 Выходные дниКлиффорд  7.10 8.10 9.12 10.12 11.55 13.00 14.00 15.00 17.20 18.20 19.22 20.22 Конечная (сады) 8.11 9.11 10.13 11.13 12.56 13.58 14.58 15.58 18.17 19.17 20.19 21.18
Маршрут №180 «Клиффорд - с/т «Татарская Каргала» Рабочие дниКлиффорд 7.05 7.30 7.55 8.20 8.45 9.15 9.40 10.05 10.30 10.55 12.05 12.50 13.40 14.30 15.10 15.50 16.25 16.50 17.15 17.40 18.05 18.30 19.00 19.30 20.00 20.30 21.05 Конечная (сады) 8.07 8.32 8.57 9.22 9.47 10.17 10.42 11.07 11.32 11.57 13.07 13.52 14.42 15.32 16.12 16.52 17.27 17.52 18.17 18.42 19.07 19.32 20.02 20.32 21.02 21.32 22.00 Выходные дниКлиффорд 7.05 7.30 7.55 8.15 8.35 8.53 9.11 9.29 9.47 10.06 10.25 10.44 11.05 11.31 11.57 12.24 12.51 13.20 13.55 14.35 15.15 15.55 16.25 16.50 17.15 17.35 17.55 18.15 18.33 18.52 19.09 19.27 19.47 20.10 20.35Конечная (сады) 8.07 8.32 8.57 9.17 9.37 9.55 10.13 10.31 10.49 11.08 11.27 11.46 12.07 12.33 12.59 13.26 13.53 14.22 14.57 15.35 16.15 16.54 17.24 17.48 18.12 18.32 18.52 19.12 19.30 19.48 20.06 20.24 20.44 21.07 21.30
Маршрут №181 «8 Марта - Нежинские сады» Рабочие дни8 Марта 7.20 7.40 8.00 8.20 8.50 9.10 9.30 9.50 10.10 10.35 11.30 12.00 12.30 13.00 13.30 14.00 14.30 15.00 15.30 16.00 16.30 16.50 17.10 17.30 18.30 19.00 19.20 19.45 20.05 20.30 21.00 Конечная (сады) 8.10 8.30 8.50 9.10 9.40 10.00 10.20 10.40 11.00 11.25 12.20 12.50 13.20 13.50 14.20 14.50 15.20 15.50 16.20 16.50 17.20 17.40 18.00 18.20 19.20 19.50 20.10 20.35 20.55 21.20 21.50 Выходные дни8 Марта 7.05 7.27 7.50 8.10 8.30 8.50 9.10 9.30 9.50 10.10 10.30 10.55 11.15 11.35 11.55 12.15 12.35 13.05 13.40 14.20 15.00 15.40 16.05 16.30 16.50 17.10 17.30 17.50 18.08 18.25 18.42 18.59 19.16 19.33 19.53 20.16 20.42 Конечная (сады) 7.57 8.19 8.42 9.02 9.22 9.42 10.02 10.22 10.42 11.02 11.22 11.47 12.07 12.27 12.47 13.07 13.27 13.56 14.31 15.10 15.49 16.29 16.54 17.19 17.39 17.59 18.18 18.37 18.55 19.12 19.29 19.46 20.03 20.20 20.40 21.03 21.27
Маршрут №182 «8 Марта - с/о «А/п Центральный» Рабочие дни8 Марта 7.20 7.40 8.00 8.15 8.30 8.45 9.00 9.20 9.35 9.55 10.15 10.30 10.50 11.10 11.50 12.15 12.40 13.00 13.25 13.50 14.15 14.40 15.05 15.25 15.45 16.05 16.25 16.40 16.55 17.10 17.25 17.40 18.00 18.20 18.45 19.05 19.30 19.50 20.20 21.00Конечная (сады) 8.15 8.35 8.55 9.10 9.25 9.40 9.55 10.15 10.30 10.50 11.10 11.25 11.45 12.05 12.45 13.10 13.35 13.55 14.20 14.45 15.10 15.35 16.00 16.20 16.40 17.00 17.20 17.35 17.50 18.05 18.20 18.35 18.55 19.15 19.40 20.00 20.25 20.45 21.15 21.55Выходные дни8 Марта 7.00 7.25 7.50 8.10 8.26 8.42 8.58 9.14 9.30 9.46 10.02 10.18 10.34 10.50 11.08 11.29 11.50 12.10 12.30 12.50 13.20 13.50 14.20 14.50 15.12 15.32 15.52 16.12 16.32 16.52 17.10 17.28 17.46 18.03 18.20 18.36 18.52 19.08 19.24 19.40 19.56 20.18 20.44 Конечная (сады) 7.57 8.22 8.47 9.07 9.23 9.39 9.55 10.11 10.27 10.43 10.59 11.15 11.31 11.47 12.05 12.26 12.47 13.07 13.27 13.46 14.15 14.45 15.14 15.44 16.06 16.26 16.46 17.06 17.26 17.46 18.04 18.22 18.39 18.55 19.12 19.28 19.44 20.00 20.16 20.31 20.47 21.09 21.32
Маршрут №183 «Клиффорд - с/о «Россия» Все дни недели, кроме понедельника и четвергаКлиффорд 7.20 8.00 8.50 9.40 11.00 11.50 12.40 13.30 15.30 16.50 17.30 18.20 19.05 20.05 21.00Конечная (сады) 8.06 8.46 9.36 10.26 11.46 12.36 13.26 14.16 16.16 17.36 18.16 19.06 19.51 20.51 21.42 Маршрут №184 «Клиффорд - Нежинские сады» Все дни недели, кроме понедельника и четвергаКлиффорд  7.55 9.35 12.00 13.43 17.30 19.15 20.58 Конечная (сады) 8.45 10.25 12.50 14.33 18.20 20.05 21.45
Маршрут №187 «Челюскинцев - 24-й микрорайон - Ивановские сады»Все дни недели, кроме понедельника и четвергаЧелюскинцев 7.00 7.30 7.58 8.25 8.47 9.05 9.22 9.40 9.58 10.16 10.35 10.57 11.20 11.45 12.15 12.55 13.40 14.23 15.03 15.53 16.35 17.08 17.36 17.56 18.16 18.36 18.54 19.15 19.35 19.54 20.11 20.28 20.46 21.04 21.22Конечная (сады) 7.43 8.13 8.40 9.08 9.30 9.48 10.05 10.23 10.41 10.59 11.18 11.40 12.03 12.28 12.58 13.38 14.22 15.05 15.50 16.35 17.15 17.50 18.18 18.38 18.58 19.17 19.36 19.55 20.14 20.32 20.49 21.06 21.24 21.42 22.00
Маршрут №188 «Челюскинцев - с/т «Геолог» Все дни недели, кроме понедельника и четвергаЧелюскинцев 7.10 7.50 8.20 9.00 9.45 10.25 11.50 12.50 13.50 14.30 15.40 16.40 17.30 18.15 19.05 20.05 20.30 21.05 Конечная (сады) 8.01 8.41 9.11 9.51 10.36 11.16 12.41 13.41 14.41 15.21 16.31 17.31 18.21 19.06 19.55 20.55 21.21 21.56
Маршрут №91 «Клиффорд - с/о «Ростоши-1» Рабочие дниКлиффорд 8.05 9.17 10.30 11.42 14.25 15.41 17.37 18.53 20.09 21.24Конечная (сады) 8.41 9.53 11.06 12.18 15.01 16.17 18.13 19.29 20.44 21.59 Выходные дниКлиффорд 7.00 7.36 8.12 8.48 9.24 10.00 10.40 11.20 12.30 13.43 14.52 16.05 17.05 18.00 18.37 19.15 19.52 20.30 Конечная (сады) 7.36 8.12 8.48 9.24 10.00 10.36 11.16 11.56 13.06 14.19 15.18 16.41 17.41 18.36 19.13 19.51 20.27 21.04
Маршрут №192 «Челюскинцев - с/о «Дубовая роща»Рабочие дниЧелюскинцев 7.25 7.55 8.45 9.15 10.45 11.20 12.05 12.45 14.30 15.15 15.55 16.40 17.45 18.35 19.05 19.45 20.40 21.15 Конечная (сады) 8.04 8.34 9.24 9.54 11.26 11.59 12.44 13.26 15.00 15.55 16.34 17.20 18.24 19.15 19.45 20.24 21.20 21.50 Выходные дниЧелюскинцев 7.10 7.50 8.31 8.59 9.27 9.56 10.27 11.00 11.50 12.32 13.15 13.58 14.39 16.05 16.59 17.37 18.14 18.41 19.10 19.37 20.04 20.33 21.00 Конечная (сады) 7.49 8.29 9.10 9.40 10.08 10.37 11.08 11.41 12.31 13.13 13.56 14.39 15.20 16.46 17.40 18.15 18.52 19.19 19.48 20.15 20.42 21.10 21.35
Маршрут №193 «РТИ - с/о «Геолог» Все дни недели, кроме понедельника и четвергаРТИ 7.20 8.40 10.40 12.05 14.35 16.00 18.00 19.20 20.50 Конечная (сады) 8.01 9.21 11.21 12.46 15.16 16.41 18.41 20.05 21.30
Маршрут №195 «Челюскинцев - с/о «Успех» Рабочие дни Челюскинцев 7.20 8.45 10.10 12.15 13.40 16.20 17.45 19.10 21.00 Конечная (сады) 7.52 9.17 10.42 12.47 14.12 16.52 18.17 19.42 21.35 Выходные дниЧелюскинцев 7.20 8.05 8.45 9.30 10.10 10.55 12.15 13.40 14.40 16.10 17.30 18.15 19.00 19.40 20.25 21.05 Конечная (сады) 7.52 8.37 9.17 10.02 10.42 11.27 12.47 14.12 15.12 16.42 18.00 18.45 19.30 20.10 20.55 21.34
Маршрут №196 «Клиффорд - с/о «Геолог» Все дни недели, кроме понедельника и четвергаКлиффорд7.05 7.55 8.55 9.50 12.00 12.50 14.00 14.50 16.40 17.35 18.30 19.30 20.40 Конечная (сады) 7.52 8.45 9.45 10.40 12.49 13.40 14.49 15.40 17.29 18.25 19.20 20.20 21.30
Маршрут №166 «Клиффорд - с/о «Стрела» Все дни недели, кроме понедельника и четвергаКлиффорд 7.10 7.45 8.20 8.50 9.25 10.00 10.35 11.10 11.55 12.50 13.44 14.35 15.25 16.15 16.55 17.45 18.36 19.10 19.43 20.17 20.51 Конечная (сады) 7.57 8.32 9.07 9.37 10.12 10.47 11.22 11.57 12.42 13.37 14.30 15.20 16.09 16.59 17.38 18.28 19.19 19.53 20.26 21.00 21.33
Маршрут №296 «Клиффорд - с/о «Русь» БудниКлиффорд 7.50 9.40 11.33 14.20 16.15 18.50 20.53 Конечная (сады) 8.45 10.35 12.28 15.15 17.10 19.45 21.46 ВыходныеКлиффорд 7.50 8.45 9.40 10.40 12.10 14.10 15.10 17.30 18.30 19.35 20.35 Конечная (сады) 8.45 9.40 10.35 11.35 13.05 15.05 16.05 18.25 19.25 20.30 21.28
Маршрут №197 «Клиффорд - Ивановские сады»Все дни недели, кроме понедельника и четвергаКлиффорд 7.10 8.05 8.55 9.50 10.40 12.20 14.05 15.00 17.30 18.25 19.20 20.25 Конечная (сады) 8.03 8.58 9.48 10.43 11.33 13.13 15.00 15.50 18.20 19.15 20.15 21.15 Маршрут №98 «Челюскинцев - с/о «Ростоши-1» Все дни недели, кроме понедельника и четвергаЧелюскинцев 7.30 8.15 9.20 10.10 11.45 12.40 13.30 14.25 16.00 17.00 17.50 18.45 19.40 20.30 Конечная (сады) 8.20 9.05 10.10 11.00 12.35 13.30 14.20 15.15 16.50 17.50 18.40 19.35 20.30 21.20
Маршрут №99 «Челюскинцев - с/о «Ростоши-2» Все дни недели, кроме понедельника и четвергаЧелюскинцев 7.00 7.30 8.00 8.28 8.45 9.03 9.40 9.57 10.15 10.33 11.21 11.44 12.07 13.05 13.35 14.02 14.40 15.05 15.32 16.11 16.34 17.00 17.40 18.12 18.45 19.07 19.28 19.50 20.13 20.35 21.03 Конечная (сады) 7.43 8.13 8.43 9.11 9.28 9.46 10.23 10.40 10.58 11.16 12.04 12.27 12.50 13.48 14.17 14.45 15.22 15.47 16.15 16.54 17.15 17.43 18.22 18.55 19.28 19.50 20.11 20.33 20.54 21.16 21.46
Маршрут №100 «Клиффорд - с/о «Ростоши-2» Все дни недели, кроме понедельника и четвергаКлиффорд 7.20 7.45 8.10 8.45 9.10 9.35 10.10 10.35 11.00 11.35 12.00 12.25 12.50 14.05 14.30 15.00 15.30 16.00 16.30 17.00 18.20 18.40 19.00 19.40 20.00 20.25 21.05 Конечная (сады) 8.00 8.25 8.50 9.25 9.50 10.15 10.50 11.15 11.40 12.15 12.40 13.05 13.30 14.45 15.10 15.40 16.10 16.40 17.10 17.40 19.00 19.20 19.40 20.20 20.40 21.05 21.45
Маршрут №64 «А/ст «Челюскинцев» - АТБ УРСа» Рабочие дниа/ст Челюскинцев 8.10 9.52 11.53 13.39 17.25 18.50 20.15 Конечная (сады) 8.50 10.32 12.33 14.19 18.05 19.30 20.52 Выходные дниа/ст Челюскинцев 7.40 9.02 10.25 13.04 14.31 17.27 18.52 20.23 Конечная (сады) 8.20 9.42 11.05 13.44 15.11 18.05 19.29 21.00
Маршрут №77 «А/ст «Челюскинцев» - с/о «Остров Мира- 2» Рабочие дниа/ст Челюскинцев 8.14 9.31 11.00 14.10 15.28 17.38 18.56 20.14 21.29 Конечная (сады) 8.52 10.09 11.38 14.48 16.06 18.16 19.33 20.49 22.03 Выходные дниа/ст Челюскинцев 7.30 8.44 10.01 11.19 13.20 14.38 18.25 19.50 21.06 Конечная (сады) 8.07 9.22 10.39 11.57 13.58 15.16 19.01 20.25 21.40
Маршрут №86 «Челюскинцев - с/т «Буровик» Вторник, четверг, выходные и праздничные дниЧелюскинцев 8.30 10.30 14.40 18.10 20.00 Конечная (сады) 9.12 11.12 15.22 18.52 20.41
Маршрут №90 «А/ст «Челюскинцев» - пос. Заречный» Рабочие дниЧелюскинцев 7.24 8.22 9.33 10.45 13.20 14.31 16.14 17.25 18.40 19.51 Конечная (сады) 7.50 8.58 10.08 11.18 13.56 15.07 16.50 18.05 19.14 20.27 Выходные дниЧелюскинцев 8.43 9.57 12.05 13.19 14.35 16.50 18.03 19.15 20.26 Конечная (сады) 9.19 10.33 12.41 13.55 15.09 17.26 18.37 19.49 21.02
Маршрут №94 «Челюскинцев - с/о «Овощевод» Все дни недели, кроме понедельника и четвергаЧелюскинцев 7.35 8.55 10.15 11.32 14.06 15.25 17.26 18.45 20.05 Конечная (сады) 8.12 9.32 10.52 12.09 14.43 16.02 18.03 19.23 20.42 Маршрут №24С «Челюскинцев - г. Сулак (сады)» Рабочие дниЧелюскинцев 6.10 6.35 7.00 7.32 8.00 8.30 8.57 9.24 10.01 10.49 12.14 13.07 13.45 14.09 14.38 15.16 15.48 16.36 17.42 18.01 18.37 19.06 19.32 19.59 20.28 20.55 Конечная (сады) 6.50 7.15 7.40 8.12 8.40 9.10 9.37 10.04 10.41 11.29 12.54 13.47 14.25 14.49 15.18 15.56 16.28 17.16 18.22 18.41 19.16 19.45 20.08 20.38 21.05 21.31 Выходные дниЧелюскинцев 7.00 7.25 7.53 8.21 8.49 9.17 9.45 10.13 10.41 11.37 12.05 12.33 13.31 14.00 14.42 15.23 16.07 17.17 18.05 18.41 19.08 19.36 20.04 20.32 Конечная (сады) 7.38 8.05 8.32 9.00 9.28 9.56 10.25 10.53 11.21 12.17 12.45 13.13 14.11 14.40 15.22 16.03 16.47 17.56 18.45 19.20 19.48 20.13 20.41 21.11
Маршрут №70 «8 Марта - ст-н «Динамо» - с/о «Дружба» Все дни недели, кроме понедельника и четверга8 Марта 7.09 7.44 8.14 8.56 9.20 9.41 10.29 10.49 11.19 11.59 12.34 13.14 13.49 14.24 14.59 15.34 16.09 16.44 17.19 17.54 18.32 19.02 19.22 19.44 20.08 20.28 20.56 21.32 Конечная (сады) 7.48 8.23 8.53 9.35 9.59 10.20 11.07 11.28 11.58 12.38 13.13 13.53 14.28 15.03 15.38 16.13 16.47 17.21 17.56 18.30 19.07 19.36 19.56 20.18 20.41 21.01 21.28 22.03
Маршрут №71 «8 Марта - ст-н «Динамо» - с/о «Осинки»Все дни недели, кроме понедельника и четверга8 Марта 7.30 7.59 8.25 8.37 9.04 9.30 9.48 10.10 10.36 10.55 11.45 12.23 12.59 13.34 14.29 15.36 16.12 16.45 17.23 17.47 18.01 18.34 18.56 19.15 19.44 20.07 20.27 20.53 21.14 Конечная (сады) 8.09 8.38 9.04 9.16 9.43 10.09 10.27 10.49 11.15 11.34 12.24 13.02 13.38 14.13 15.08 16.15 16.51 17.24 18.02 18.26 18.39 19.11 19.35 19.53 20.21 20.45 21.03 21.29 21.50
Маршрут №76 «А/ст «Челюскинцев» - с/о «Остров Мира-1» Все дни недели, кроме понедельника и четверга а/ст Челюскинцев 7.38 8.53 10.09 12.10 13.26 17.00 18.16 19.32 20.49 Конечная (сады) 8.15 9.30 10.46 12.47 14.03 17.37 18.53 20.09 21.24
Перевозчик - ИП Мысик Л.П., телефон диспетчерской 97-39-45
Маршрут №199 «Челюскинцев - с/о «Ростоши-3» Рабочие дни Челюскинцев 7.40 9.22 11.40 13.22 15.04 17.32 19.14 20.59 Конечная (сады) 8.29 10.11 12.29 14.11 15.53 18.21 20.03 21.45 Выходные дниЧелюскинцев 7.40 8.29 9.22 10.11 11.50 12.39 13.32 14.21 16.06 16.55 17.52 18.41 19.39 20.28 Конечная (сады) 8.29 9.18 10.11 11.00 12.39 13.28 14.21 15.10 16.55 17.44 18.41 19.30 20.25 21.14 
Маршрут №110 «Клиффорд - с/о «Ростоши-3»Рабочие дниКлиффорд 7.50 9.10 10.41 12.00 14.20 17.17 18.37 19.57 21.18 Конечная (сады) 8.28 9.48 11.19 12.38 14.58 17.55 19.15 20.35 21.56 Выходные дниКлиффорд 7.23 8.00 8.45 9.25 10.07 10.53 11.29 12.15 13.46 14.47 15.13 16.10 17.29 18.06 18.50 19.27 20.15 20.52 Конечная (сады) 8.02 8.39 9.24 10.04 10.46 11.32 12.08 12.54 14.25 15.26 15.52 16.49 18.08 18.45 19.29 20.06 20.54 21.31 
Маршрут №167 «Клиффорд - с/о «Ивушка» Все дни недели, кроме понедельника и четвергаКлиффорд 8.00 9.50 12.30 14.30 18.15 20.20 Конечная (сады) 8.55 10.45 13.25 15.25 19.10 21.15 
Маршрут №297 «РТИ - с/о «Русь» БудниРТИ 8.00 10.13 13.21 15.29 17.58 20.08 Конечная (сады) 9.01 11.14 14.22 16.30 18.59 21.09 Выходные дниРТИ 8.00 9.05 10.10 11.30 13.00 14.20 16.35 17.45 18.55 20.05 Конечная (сады) 9.01 10.06 11.11 12.31 14.01 15.21 17.36 18.46 19.56 21.01 
Маршрут №185 «Клиффорд - с/о «А/п Центральный» Рабочие дниКлиффорд 7.20 9.15 11.55 14.00 16.42 18.42 20.37 Конечная (сады) 8.17 10.12 12.53 14.58 17.40 19.35 21.30 Выходные дниКлиффорд 7.20 8.20 9.15 10.15 11.55 13.00 14.00 15.00 17.40 18.35 19.33 20.28 Конечная (сады) 8.17 9.18 10.12 11.12 12.53 13.58 14.58 15.55 18.33 19.28 20.26 21.20
Перевозчик - ООО «Первый автобусный парк», телефон диспетчерской 25-80-78
Маршрут №165 «А/ст «Челюскинцев» - с/т «Газовик»»Вторник, четверг, выходные и праздничные дниа/ст Челюскинцев 8.10 11.00 15.20 19.10 Конечная (сады) 9.00 11.50 16.10 20.05 
Маршрут №79 «Челюскинцев - с/о гелиевого завода» Все дни недели, кроме понедельника и четвергаЧелюскинцев 7.20 8.15 9.05 10.00 10.50 11.45 13.18 15.03 16.40 17.30 18.20 19.20 20.00 21.00 Конечная (сады) 8.13 9.08 9.58 10.53 11.43 12.38 14.11 15.53 17.28 18.20 19.08 20.08 20.48 21.48 
Маршрут №175 «Челюскинцев - с/о «Южный Урал» Рабочие дниЧелюскинцев 8.10 9.25 10.40 12.50 14.05 17.30 18.45 20.00 21.15 Конечная (сады) 8.47 10.02 11.17 13.27 14.42 18.07 19.22 20.35 21.50 Выходные дниЧелюскинцев 7.20 8.00 8.35 9.15 9.50 10.28 11.20 13.05 14.20 15.06 16.21 17.07 18.19 18.58 19.31 20.10 20.50 Конечная (сады) 7.57 8.37 9.12 9.52 10.27 11.05 11.57 13.42 14.57 15.43 16.57 17.41 18.53 19.32 20.05 20.44 21.23 
Маршрут №179 «14-й микрорайон - с/о гелиевого завода» Все дни недели, кроме понедельника и четверга14 микрорайон 7.45 8.40 9.30 10.23 11.20 12.45 14.30 16.10 17.55 18.45 19.35 20.35 Конечная (сады) 8.38 9.33 10.23 11.15 12.13 13.38 15.20 16.58 18.43 19.33 20.23 21.23 
Маршрут №189 «Челюскинцев - с/о «Лесовод» Все дни недели, кроме понедельника и четвергаЧелюскинцев 7.55 9.12 10.29 11.46 13.40 15.00 17.10 18.30 19.50 21.05Конечная (сады) 8.32 9.49 11.06 12.23 14.17 15.37 17.47 19.07 20.25 21.40